# Created by Octave 3.6.4, Tue May 27 19:46:11 2014 CEST <claudio@hell>

# name: y
# type: matrix
# rows: 10
# columns: 1
 2
 7
 18
 35
 58
 87
 122
 163
 210
 263


# name: D
# type: matrix
# rows: 10
# columns: 3
 1 0 0
 1 1 1
 1 2 4
 1 3 9
 1 4 16
 1 5 25
 1 6 36
 1 7 49
 1 8 64
 1 9 81
